4.98657
4.68335
4.87915
2.56909
3.2207
3.03003
5.02344
2.41113
4.12402
5.04712
3.41797
1.86841
4.96362
4.91284
5.04639
0.751709
3.1709
5.07739
3.62036
0.692871
3.26343
1.75757
3.26831
1.85986
1.10425
2.75879
3.66626
3.45142
0.657715
0.249023
2.89697
3.73193
4.10083
4.90625
4.03564
4.09985
5.05273
4.89917
3.8335
1.73218
3.30005
3.79077
1.90112
3.4646
1.69409
0.523438
0.138428
0.586426
2.88452
4.28247
1.07129
4.38501
4.10889
4.65039
0.88501
2.06763
0.571533
0.788086
2.3457
-0.00170898
2.63135
3.78564
2.16992
4.52393
3.93506
0.203857
4.27222
4.25024
2.30688
3.14087
2.72827
2.39062
2.50708
0.367188
0.605469
4.10571
2.86401
2.84131
1.50342
3.41821
2.3269
0.0441895
0.00756836
2.73608
4.77734
0.536377
1.97021
3.45264
3.40161
3.58496
3.23926
1.46606
1.78223
0.0366211
0.371582
3.53931
0.521973
1.00293
0.227539
2.43066
-0.00512695
0.661865
3.02881
2.24097
0.201416
3.48096
3.4104
2.65869
1.44702
1.09082
0.898193
0.0766602
0.0334473
0.574951
0.256836
0.344727
1.93164
2.42554
0.0773926
0.143066
2.25
0.312744
2.19409
0.564209
1.63623
2.64307
-0.0275879
0.097168
1.84082
2.73804
0.117188
3.97168
4.71094
4.84912
4.44141
4.42993
4.17383
4.16333
2.11255
4.08398
1.32642
5.0083
5.00049
2.44141
4.396
0.626953
1.11572
2.84619
1.86914
1.30127
3.55566
2.91699
4.90503
1.74097
0.708008
2.16138
0.671875
0.467529
2.92065
1.85107
1.7395
1.70117
4.55518
3.47021
0.946777
2.63281
3.09692
1.86255
0.857422
3.61523
3.71753
3.74072
4.54907
0.0625
3.59009
4.63135
0.845215
3.89209
1.68457
1.81372
0.856445
1.1189
1.64209
1.17847
3.45679
4.21582
0.57373
3.83301
0.552979
2.89014
3.6355
1.68799
3.13599
3.03052
2.88916
0.476318
0.0065918
3.6106
4.10181
0.00415039
0.0344238
0.145996
0.0410156
1.55444
0.990967
1.00317
0.569824
2.61328
3.45044
0.563965
0.69458
0.908936
2.54224
0.648926
0.942871
0.509766
1.69336
0.212646
2.49951
1.06641
4.27881
0.523193
2.58008
0.733887
3.65552
2.78076
0.0305176
3.11743
0.258057
-0.00830078
2.68799
0.668701
0.266846
2.10767
3.49121
2.92871
2.24023
4.08618
4.79297
0.302734
0.439453
2.00342
0.12085
1.14331
0.032959
0.104492
0.0615234
2.96924
2.37036
0.143555
3.44629
0.248047
0.888916
2.22241
2.5144
3.1189
0.577148
3.5918
3.3501
2.40918
0.63208
0.986328
4.08276
1.36084
3.95605
4.05835
2.14355
4.02393
2.89453
3.81152
3.43384
2.11914
3.90698
2.86108
2.07935
2.95923
0.0732422
3.9856
3.80493
1.33594
3.22144
4.1665
3.95801
4.44019
0.913818
2.65796
1.23975
0.422607
0.124268
3.45435
4.06714
0.194336
1.24951
1.4126
3.99976
3.3374
2.35278
4.46167
0.0910645
2.98511
3.61401
0.154541
4.08032
3.32715
3.98047
1.84448
4.22925
3.91113
0.0449219
2.92944
1.02075
2.94238
1.40088
2.36987
1.55811
0.16748
3.86938
3.53491
3.68335
0.189209
3.95703
2.95898
2.11157
1.12842
3.59351
1.71802
3.96191
3.96289
3.18701
2.57422
3.15161
2.52246
3.86499
0.936523
0.46875
3.53906
0.791748
2.41943
3.47266
3.22632
0.475098
4.23022
2.82642
3.64282
3.47339
2.46069
2.75806
2.91406
1.82251
2.94458
3.43726
4.01611
3.47949
3.82983
3.47192
4.35449
3.09448
3.79175
4.3396
0.839844
0.0131836
4.83789
2.76685
0.517334
4.35034
4.45239
0.0915527
4.0459
4.58789
5.00195
0.437256
1.86035
2.81543
2.64331
5.02173
5.05103
3.54395
4.00073
4.73804
0.255615
0.348389
2.29053
4.06982
0.54126
2.17407
4.72803
2.53174
4.15332
1.84937
3.20801
4.38135
5.07837
0.711182
2.89209
3.5957
3.44702
4.0603
4.91162
4.50952
3.2854
2.6333
2.43652
3.09229
2.12671
1.99194
4.21411
0.500488
0.550781
0.523926
4.35181
3.71558
0.780762
0.544678
1.84106
1.72485
4.9104
4.09985
3.25049
1.38281
2.9353
1.7229
1.75928
0.269287
4.13062
3.96924
4.50171
2.34961
4.17651
0.828369
3.6792
1.61157
3.70898
0.0344238
4.30103
3.07959
1.18506
2.04004
0.19165
1.09497
5.00708
3.59473
2.57593
0.622559
0.7854
3.74878
5.05859
0.970703
2.17554
2.86572
2.86914
3.88208
1.99561
4.35132
0.202637
0.916016
3.34399
1.17017
0.1875
4.01392
1.72363
4.87378
3.3064
1.03418
1.33423
0.76709
0.688721
0.761963
2.23169
2.03296
2.95361
3.61377
2.66406
4.13696
1.80542
3.03174
3.6311
4.16553
0.0622559
2.2876
4.10889
3.97046
0.661621
2.63086
0.759277
4.75024
1.29419
0.0778809
0.219727
2.0813
2.10498
3.65259
0.0205078
1.87598
1.00732
1.89502
0.304199
2.60278
2.60034
3.83325
4.00854
0.499023
1.26416
1.90991
0.70459
3.22314
1.85864
3.12842
4.78931
1.39355
3.34277
0.535156
0.388916
4.48291
3.37109
1.52515
3.05273
0.985107
2.74976
4.29712
3.85938
3.24731
1.92432
2.43335
2.11694
3.91895
5.04297
1.88599
0.915771
1.54126
2.44238
3.0332
1.37085
4.15967
2.00757
3.75391
2.77734
3.07471
4.8125
0.374268
4.5686
0.515137
0.307129
4.03833
4.5293
0.82959
1.39429
3.33618
3.16504
2.198
0.461182
3.14355
2.74146
1.0022
1.93994
1.55371
0.825195
4.68896
1.71704
1.01831
4.03052
3.20068
2.15918
3.99512
3.90796
1.58667
1.30933
0.821777
0.864746
1.4978
0.164795
0.374756
2.30103
3.19507
1.59204
3.49438
0.841309
4.39185
4.54248
0.323975
2.88501
1.66699
3.2146
0.0869141
3.9834
4.99561
2.65967
4.57202
1.00513
4.88989
0.77832
0.566895
0.902832
0.361572
1.14722
1.87891
3.65039
4.47803
2.77637
0.0827637
0.547852
1.14673
3.67627
2.54395
0.854492
3.69971
3.43774
1.23267
2.10254
4.7981
4.54883
2.02441
3.67798
1.33057
4.08545
1.61255
1.92505
2.08667
2.09302
2.1582
2.44165
2.09473
0.880371
2.99878
3.64111
3.63696
2.56348
1.39355
1.68774
1.07886
0.930908
2.36768
1.4082
1.45679
1.73364
1.69312
0.29541
0.434326
0.435547
0.751709
1.43433
0.361328
1.3147
2.4502
2.78296
2.79053
3.20361
2.52856
2.93164
2.60913
1.6665
0.956055
1.37891
2.71704
1.58813
2.93921
2.7522
0.93457
1.43506
0.453857
1.81519
2.51147
2.78955
2.17627
2.35864
1.95996
0.751465
2.61108
0.879639
1.31079
2.34497
0.302734
1.76953
0.621338
1.46729
0.404785
0.870117
1.21216
3.33154
2.38867
3.13965
2.49902
2.12134
1.78076
1.57324
2.24194
0.878662
2.30884
2.01978
2.36206
0.836914
1.46973
0.998535
0.356445
0.52002
1.98438
2.92188
2.23438
2.00073
1.08374
2.14819
2.13672
3.30591
1.29175
2.99438
1.83838
1.05249
0.865723
1.26147
1.81323
3.0769
1.98608
1.00879
3.34326
1.02295
2.81372
1.58252
2.1084
3.27148
2.86353
2.54443
2.00708
2.81372
1.2207
1.74585
1.11523
2.46729
0.469727
0.16626
0.88208
2.16162
2.22949
0.951416
2.89697
1.79053
0.139648
0.854248
2.10107
0.918457
2.0354
1.5769
0.581055
0.200195
3.16284
0.363525
2.28271
1.10547
2.8623
2.05396
0.211914
1.62207
1.87134
2.41626
2.19824
1.09204
2.58301
0.707764
0.474121
0.492432
2.55566
2.57959
0.333984
1.04053
2.76123
1.28784
1.58032
1.59814
2.05835
0.95874
2.98022
2.92603
2.00562
1.69287
1.50024
0.560791
1.75854
0.699219
0.573486
1.81519
2.07495
0.760986
2.01465
1.72144
2.27856
1.9209
2.61108
1.42578
2.41187
2.08813
2.1145
2.0686
0.0361328
0.143311
0.350586
0.979004
1.01172
0.983643
2.14185
1.36279
1.05591
0.250977
3.18774
3.19775
2.09155
0.442871
2.03809
1.52881
1.64722
3.15283
2.16699
0.62085
0.75293
1.48877
2.98267
0.50293
0.126953
0.183594
2.18262
0.796143
1.45972
0.257812
0.894531
2.677
0.304688
2.66895
2.47314
0.687256
2.16016
2.01929
0.289551
2.48413
3.11304
1.78442
2.05737
0.190186
1.77441
0.27832
2.71704
2.28296
1.93091
1.24634
0.808105
1.78516
2.06934
0.73291
1.98169
1.92651
0.803223
3.07739
2.65259
2.1355
0.755127
2.77637
0.231934
3.31665
0.50708
1.70044
0.486572
2.12231
1.76221
0.439209
2.49756
1.18066
0.857422
3.57812
2.69458
2.45874
2.73804
2.80762
2.56372
1.55859
0.866455
0.317627
1.84424
0.895264
1.19116
0.720215
0.412354
2.38843
0.597412
0.733154
0.927734
2.66211
2.62109
3.01099
2.49805
1.19287
2.18481
2.68726
1.52417
0.680664
0.62207
1.03296
1.99536
1.08276
0.389648
1.20825
3.01587
2.28906
2.40771
1.05371
3.22534
2.03418
2.33813
0.497803
0.587646
0.204102
0.978271
2.03027
0.822266
0.44458
0.217041
2.02783
0.489258
0.356201
2.41772
0.811035
0.539307
2.21191
1.61011
0.503418
0.120605
0.113525
1.05298
1.83398
2.62158
1.22241
2.97852
0.103516
0.624756
2.49536
1.98193
0.508301
0.596924
1.42432
0.319824
1.42651
1.17456
0.33252
1.15308
1.71509
1.20532
3.98022
2.78809
3.51172
2.90796
2.62329
2.58252
3.27539
0.935547
0.876221
2.06567
0.377441
1.31958
0.709961
2.69507
0.109863
2.99243
0.991455
0.209473
0.455566
0.19751
2.14062
0.272705
2.66064
0.306152
3.27124
2.27124
2.09717
1.54419
2.10254
0.322754
2.75537
1.19263
1.36621
0.136719
2.10181
0.943359
2.17944
0.72168
0.830078
0.798096
1.17358
2.15918
1.56396
2.05884
1.91382
0.788818
0.426025
0.984131
0.241943
1.11841
2.88965
1.44189
1.65454
0.206055
1.15747
0.894043
0.802979
1.39941
0.222168
1.27905
3.58032
3.94507
2.39551
3.07397
2.83472
3.72705
3.55225
3.27637
3.3396
3.49072
1.44482
4.46851
4.0105
3.49097
3.30176
0.998779
2.98901
3.02808
3.76196
2.33423
4.05103
4.02466
3.64624
2.88477
3.58643
3.42285
3.16357
3.59033
3.63379
3.14355
3.91772
2.34937
2.65723
4.4939
3.45044
3.63843
4.47852
2.30273
4.67114
4.42651
3.53174
3.69116
3.76904
4.37207
4.43896
2.53931
2.39282
0.884277
4.06714
3.68652
3.48047
3.17944
3.78296
4.21533
4.37402
3.44629
3.31909
3.71875
4.33765
2.85913
3.59985
3.60693
4.20239
4.03101
3.54443
3.34888
2.87939
3.45337
3.65552
3.95288
2.86499
2.70093
3.77881
3.92114
3.70776
3.25049
3.45752
4.00952
3.88721
1.96484
4.07349
3.26904
3.61719
3.53247
3.70752
3.81519
1.09302
2.58862
3.57397
2.46313
2.68286
4.66797
3.98267
3.54126
3.08667
3.69067
2.6416
0.89502
4.83154
2.84155
4.16138
4.26709
3.42725
2.75781
3.55811
3.59888
4.46948
4.28516
3.47461
4.00562
3.36328
2.35181
2.65186
4.41357
2.92529
4.07275
3.72314
3.12476
3.3186
3.42163
3.81885
1.02173
4.57544
3.18823
2.57129
1.04858
3.26123
3.33398
2.26074
3.72437
3.49365
4.12451
3.65674
3.65234
3.29907
3.6626
4.24292
3.01904
3.45532
3.11621
3.99048
2.51587
2.88208
3.25342
4.02295
2.87524
2.11157
3.52026
4.61475
2.65137
4.53174
4.2876
2.51294
3.33911
3.63623
4.33301
2.67798
1.80884
3.42871
4.59204
3.79272
3.68066
4.35474
3.39844
4.12524
2.13306
1.71509
4.95337
3.90747
2.5127
4.46826
3.41333
4.33813
3.34741
3.35547
2.31177
3.22778
2.75684
3.46313
2.95239
4.7207
3.31909
3.24902
3.25952
2.77222
3.81226
3.1748
3.28345
2.47754
4.03296
3.52515
3.46509
3.54614
3.95654
3.81323
3.21143
2.76074
3.76685
3.05249
3.90845
2.40552
3.39209
3.74268
4.23022
3.50732
4.15723
3.18555
4.72607
3.45312
4.12915
1.93823
3.72144
2.38354
3.20435
4.32422
3.25
2.28589
3.93237
2.93555
4.3501
4.04346
3.58716
3.0603
4.58057
3.30688
3.48608
3.55493
1.95947
3.66528
3.11548
4.68262
3.73267
2.61157
3.36792
3.98608
3.87793
0.879883
3.92407
4.18481
2.29663
3.06689
3.74219
3.84009
2.67432
4.17188
4.64575
5.04932
2.80566
3.58862
4.3999
2.15674
4.4292
1.63257
0.95459
4.7334
3.4104
1.52979
4.38721
2.46362
3.59692
2.78662
0.910156
4.78687
4.01758
2.28198
2.0979
4.27881
0.993164
2.67676
1.98389
3.30786
0.405762
3.77075
1.07422
2.31079
0.903809
2.6228
2.75977
3.14429
2.89966
3.03369
4.77734
4.2168
4.23242
3.03833
1.64722
1.56763
1.35767
1.47095
3.13745
1.24316
2.79321
2.86133
1.44873
1.34326
0.635986
3.84521
3.6106
4.2334
2.91919
2.98608
3.68799
3.01147
3.0752
3.02856
3.36572
3.20288
2.11792
2.40308
2.48486
3.35645
4.30151
3.84082
1.26733
0.93042
2.33643
3.05396
3.37671
4.00439
2.78296
3.11523
3.7146
3.66479
3.27026
0.0148926
2.67847
0.287842
2.82861
2.4248
3.45923
1.76392
3.15063
2.44458
2.45776
4.36328
2.58105
4.54321
2.15112
3.19238
3.49097
3.00024
0.186523
2.04883
1.59497
2.09619
4.41089
2.15601
0.641602
3.72485
2.68848
0.556885
4.20996
0.840088
2.37183
0.567383
4.07593
0.704834
4.82446
0.640625
4.02979
2.90332
4.44067
3.93506
0.905029
3.37134
2.27734
4.31592
3.48145
2.30322
3.33521
1.31714
2.58813
0.850586
2.64355
3.76733
0.954102
3.41577
4.16455
2.71338
1.86353
2.26953
2.91357
1.13354
4.32251
3.84229
2.09814
4.38037
0.128906
3.78931
3.91626
1.63794
4.0459
1.93848
2.49829
3.66846
2.27295
2.36719
1.40186
2.97852
2.60132
4.25366
1.57886
0.316162
0.181396
2.83398
5.00269
1.47314
4.29346
3.65259
0.442383
4.56006
3.22021
1.85327
2.01025
0.107422
2.30151
3.63867
0.493164
1.56519
1.59253
4.65234
3.19263
2.0127
3.36011
1.66162
1.70288
4.35864
3.44263
2.37427
0.759766
0.0419922
2.1936
2.41919
0.182861
2.00903
0.506348
1.22754
0.316162
1.41748
0.865234
2.75684
2.72534
4.69873
2.52856
1.96484
1.64771
3.61865
1.34082
0.343994
0.171387
0.0705566
0.302002
1.34668
0.628906
3.01636
0.0253906
0.591064
3.24316
3.45044
4.10889
0.992432
1.10474
1.62866
0.757812
2.2251
2.18164
0.971924
1.00415
5.05249
1.7312
1.03955
4.27148
4.55688
2.83105
0.199951
0.110107
4.36377
4.05054
3.34814
3.95142
4.23828
4.35425
3.24536
2.24707
3.09961
1.78857
4.30493
2.78052
3.00732
3.36768
3.83276
2.79272
3.60718
1.62915
2.59692
1.06104
2.11499
0.768311
1.33447
