5.15698
4.92163
5.02124
2.45654
2.97754
2.8689
5.14111
2.8894
4.26245
5.05688
3.84937
1.96021
4.97314
5.04199
4.96411
0.541748
3.0105
5.13892
3.96582
0.562256
3.40649
1.73877
4.09644
1.92212
0.68335
2.27783
3.77002
3.71997
0.665527
0.102295
2.86011
4.93652
4.52979
4.92578
4.48267
4.61133
5.1123
4.91211
4.02173
1.50122
3.52808
4.01294
1.72144
3.26367
1.70581
0.554443
0.115723
0.614014
2.91187
4.41333
1.11719
4.38672
4.25073
5.01929
0.870361
1.9751
0.447021
0.765381
2.71899
-0.0686035
2.76611
4.31885
2.42847
4.63086
4.27856
0.178711
4.67041
4.44702
2.59229
3.61182
2.66528
2.802
2.54956
0.610596
0.503662
4.6958
3.0813
2.87183
1.05151
3.65869
2.35767
0.0595703
0.0754395
2.97974
5.10107
0.517822
2.25342
3.81006
4.1416
3.92969
3.36865
1.70508
1.46875
0.0644531
0.169434
3.29663
0.558594
0.722412
0.158447
2.84521
-0.0217285
0.691895
2.95874
2.42163
0.0913086
3.86987
3.47876
2.91724
1.25464
1.08276
1.01782
-0.0175781
-0.00537109
0.420898
0.159424
0.28125
2.31982
2.85791
-0.0568848
0.00292969
2.64624
0.156006
2.54321
0.610107
1.69604
2.27783
-0.0012207
0.0212402
2.09937
2.87378
0.123779
3.97705
5.18823
5.0813
4.99854
4.99854
3.97021
4.28027
1.97729
3.99683
1.29346
4.96143
5.1521
2.15454
5.0791
0.707764
1.31616
2.97729
1.92212
1.29443
3.40356
3.04395
4.94971
1.87134
0.741699
2.61353
0.503906
0.365479
3.60645
1.67456
1.82202
1.2981
5.03613
3.40503
1.08301
2.55542
3.48047
1.73828
1.04102
3.62842
3.59888
4.1355
4.99023
0.0822754
3.95532
4.71191
0.920654
4.26831
1.7644
1.92114
0.87085
1.19507
1.69409
1.31201
3.7832
4.14429
1.11621
4.14087
0.524414
3.22046
3.92383
1.73706
3.10352
3.04004
3.29785
0.487305
0.0405273
3.52002
4.22607
-0.00830078
0.0322266
0.107178
0.0471191
1.67603
0.804199
0.847656
0.583252
2.48071
3.56616
0.665771
0.772705
0.943115
2.49609
0.563477
0.853027
0.492676
1.6814
0.303467
2.50439
0.973389
4.8894
0.736084
2.58569
0.659668
3.66333
3.39014
-0.00512695
3.073
0.315186
-0.0356445
3.14258
0.80127
0.194092
2.01636
3.97827
3.29248
2.06787
3.81396
4.92065
0.230957
0.485596
2.28442
0.0791016
0.773438
0.20752
0.0432129
0.00561523
3.12939
2.50464
0.166016
3.64966
0.0625
1.34497
2.0896
3.09131
2.85107
0.406738
3.44556
3.33228
3.02148
0.609131
0.38623
4.19604
1.31982
3.91382
3.98291
2.29541
4.40747
2.91479
3.72314
3.33057
2.07349
4.13135
3.25171
2.24707
2.92871
0.00439453
4.02588
4.01001
1.49243
3.40234
4.43213
3.9563
4.53589
0.467285
2.35718
1.6792
0.230957
-0.000488281
3.53418
4.26709
0.0881348
1.1084
1.62256
4.16284
3.46875
2.19556
4.91016
0.0773926
3.27905
3.72412
0.0585938
4.19287
3.61816
3.91675
1.56763
4.4165
4.10913
0.0395508
3.32983
0.330566
3.10181
1.36035
2.4021
2.42236
0.191895
4.10547
3.26294
3.73047
-0.0791016
3.63794
2.96143
2.06958
0.759766
3.70459
2.37061
4.11255
4.05273
3.2854
2.5835
3.45483
3.08984
3.92798
0.770752
0.333252
4.33228
0.372559
2.68359
3.9458
3.32446
0.169678
4.19849
3.04272
3.79126
3.91992
2.46973
2.72388
2.88599
2.08716
3.15186
3.24341
4.79883
3.43018
3.89307
3.73608
4.58545
3.13647
3.92529
4.89453
0.469482
-0.107422
4.91772
3.3689
0.309326
4.34448
4.86597
-0.00219727
4.40967
5.0376
5.16406
0.37085
1.96265
2.77124
2.5769
5.14062
5.17236
3.91089
4.12598
4.76978
0.0866699
0.369629
2.54468
4.2312
0.320557
2.15649
4.89917
2.70728
4.34448
1.64453
3.31567
4.72827
5.15747
0.401367
3.66919
3.7605
3.83862
4.09863
5.14258
4.802
3.23242
2.53857
2.14087
3.10107
2.8125
1.89917
4.51709
0.312012
0.216797
0.443115
4.375
3.8623
0.79248
0.373535
1.90332
1.66406
5.13745
3.9646
3.34131
0.529053
2.86255
2.15405
1.76929
0.20459
3.9873
4.22046
4.77734
2.12305
4.39185
0.712646
3.65503
1.83276
3.53955
0.0515137
4.61426
3.12939
1.54541
2.33008
0.0522461
0.971191
4.93872
3.70654
2.58569
0.684814
0.840088
4.1106
5.1665
0.658691
2.82202
3.16357
2.23438
3.90259
1.81006
4.78394
0.180908
0.632568
3.28345
0.762939
0.0754395
3.91846
1.15967
5.09888
3.23193
1.07422
1.47583
0.438232
0.638428
0.789551
2.30884
2.04663
3.46606
3.69458
2.26904
4.88428
2.3894
3.25293
3.90405
4.41968
0.0583496
1.94189
4.45264
3.98657
0.8479
3.17432
0.837402
5.11694
1.31836
0.0126953
0.0476074
2.0022
1.54639
3.60156
-0.0529785
1.80103
0.851807
1.78784
0.566895
2.95142
2.54761
4.0188
4.61279
0.397461
1.77148
1.84424
0.867676
3.54395
1.96045
3.39282
4.94482
1.36401
3.70508
0.289062
0.1875
4.479
3.31616
1.36475
3.25391
1.2373
2.91626
4.82861
3.68579
3.18481
2.0144
2.48169
2.19043
4.4231
5
2.41772
0.594238
1.51465
2.42163
3.63843
1.36938
4.72412
1.82861
3.67578
2.73804
3.18164
5.12158
0.786865
4.45386
0.632812
0.148193
3.79688
4.74585
0.529541
1.41187
3.27808
3.25073
2.37964
0.432373
3.09155
2.82446
1.14331
1.95923
1.49854
0.668945
4.9978
1.61279
0.834717
4.56519
3.29932
2.31812
3.87158
4.19214
1.54443
1.22656
0.576904
0.805176
1.31299
0.0349121
0.430176
2.427
3.41187
1.2666
3.88354
2.21313
4.55347
4.84863
0.328369
3.26929
1.29834
3.16187
-0.0297852
4.40454
5.1167
2.5498
4.8623
1.29712
5.14966
0.774414
0.390625
0.869141
0.304688
1.5625
1.72339
3.88013
5.14575
2.78955
-0.00537109
1.0022
0.707275
4.85986
2.72925
1.12817
3.90283
3.55127
1.00122
1.9939
5.02954
4.92188
2.36377
3.91382
1.05371
4.25244
1.71021
2.82983
2.53174
1.96069
2.427
3.09302
2.22852
0.934814
3.00879
4.03979
3.82544
3.24121
0.975342
1.82617
1.18018
1.24097
2.77661
1.45459
1.57983
2.58057
1.8147
0.515869
0.125977
0.288574
0.775391
1.73779
0.195068
1.0603
2.30054
2.56299
2.54395
2.97827
2.22949
3.1394
3.10498
2.00049
0.823975
1.44287
2.10913
1.41431
2.84424
3.11426
0.789551
1.60034
0.275391
2.06787
2.32056
2.94141
2.20679
2.64551
2.59717
0.896729
3.19971
0.699707
1.86255
2.55835
0.034668
2.43115
0.537354
1.28296
0.354736
1.1543
1.46582
3.30347
2.37964
3.28345
2.62866
2.24365
1.88867
1.16553
2.74609
0.998047
2.43896
2.63232
2.40967
0.867676
2.06665
1.12451
0.244629
0.533691
2.44336
3.21704
2.57739
1.95508
1.05566
2.64062
2.05249
3.39868
0.662598
3.57666
1.80615
1.15869
0.606445
1.60522
2.02637
3.31836
2.32178
1.07446
3.3645
0.2771
3.04175
1.62573
2.39307
3.8501
2.78198
3.12598
2.48828
3.31836
0.843994
1.61865
1.44897
2.53149
0.421387
-0.105957
1.42871
2.31323
2.47144
1.30493
3.05518
1.91455
0.75415
1.01416
2.43164
2.35449
1.75244
2.09448
0.587891
0.259277
3.20972
0.292236
2.41553
0.872314
2.6001
2.06982
0.0324707
1.4873
1.948
2.76367
2.27026
1.13354
2.86694
0.0239258
0.1521
0.144287
3.23853
2.66284
0.69751
1.4585
2.77075
1.41479
1.69263
1.8645
2.71973
1.01245
2.90601
2.91431
1.9812
1.8269
2.1731
0.191895
1.54614
0.635254
0.0817871
1.05981
2.22217
0.676025
1.87012
1.55176
2.76855
1.91162
2.62769
1.31982
2.27979
2.72339
2.18506
2.28711
-0.0471191
0.036377
0.653076
0.923828
2.02026
0.983643
2.42065
1.02271
1.00562
0.187744
3.66797
3.64917
2.31689
0.573486
2.40234
1.97266
1.57568
3.47119
2.28906
0.618408
0.927979
1.33423
3.12891
0.264404
-0.0830078
0.0822754
2.35815
0.531982
1.9292
0.40918
1.01074
2.68774
0.310303
3.32178
3.03467
0.935303
2.26147
2.06274
0.43457
2.67627
3.28149
1.84399
2.30493
0.1521
1.70239
0.103027
2.68335
2.29272
1.70117
1.49707
1.70117
1.79517
2.03857
0.321533
1.66772
1.92358
0.605957
3.146
2.57861
2.32178
-0.127441
2.90674
0.187744
3.19629
0.37793
1.82642
0.0578613
1.90698
1.77173
0.234375
2.40747
0.968018
1.03247
3.88696
2.80762
2.76904
2.96777
3.30713
2.4043
1.70923
0.673096
0.55127
2.21313
0.796143
1.54541
0.724854
0.317139
2.2019
0.487061
-0.0141602
1.55981
3.01147
3.12915
2.99194
2.61328
1.71411
2.41406
2.85693
1.53369
0.647949
0.694092
1.3291
1.96069
0.940918
0.212158
1.65942
3.13379
2.60107
2.69849
1.45776
3.4353
2.66357
2.69019
0.797607
0.941895
-0.0402832
0.636963
2.36157
0.698486
0.338867
-0.0339355
2.36279
0.363525
0.268799
2.11279
0.756104
0.238525
1.88379
1.79883
0.181396
-0.00732422
0.0463867
0.982178
2.07373
2.92114
0.80249
3.13037
-0.092041
0.0874023
2.37793
2.13794
0.0102539
0.364502
1.40381
-0.0559082
1.47266
1.20361
0.296387
1.36548
1.7749
0.747314
4.16138
3.07812
3.7915
2.9043
2.75659
3.04932
3.28589
2.03076
0.668701
2.08105
0.318115
1.45288
1.23511
3.27905
0.375732
3.41724
0.602051
0.197266
1.16113
0.236084
2.24414
0.383545
2.91333
0.24707
3.25708
2.16626
2.11597
2.30713
2.44604
0.220947
3.41968
1.34546
0.297119
0.109131
2.17651
0.902588
1.85376
0.527832
0.686523
0.790039
1.16602
2.04077
1.62256
2.0415
2.50171
0.966553
0.600342
0.917236
0.196533
1.06494
3.12646
1.86597
2.08301
0.192627
0.855469
1.08105
0.562988
1.47607
0.267822
1.43262
3.50366
4.41675
2.89185
3.05371
2.99707
3.86548
3.53979
3.49561
3.62891
3.79663
1.54712
4.38062
4.32617
3.89844
3.3584
0.867188
3.33032
3.28491
3.86157
2.1416
4.32495
3.91675
3.75464
3.47119
3.77344
3.67554
3.38965
3.71069
3.79175
2.99683
4.00562
2.29028
2.66821
4.47461
3.46924
3.73364
4.59863
2.39136
4.93652
5.04199
3.43042
3.40234
4.13647
4.44629
4.36719
2.75
2.31812
0.927979
4.16724
3.92358
3.82153
3.31128
4.13281
4.25977
4.64917
3.23047
3.64771
3.88477
4.22437
2.69092
3.94556
3.51831
4.44678
3.96851
3.87036
3.73975
2.90698
3.59009
4.05273
3.86914
3.20361
2.9834
3.81104
3.86499
3.99951
3.48584
3.46533
3.82104
3.54053
1.948
4.20728
3.48438
3.49927
3.48267
3.87793
4.08374
1.12842
2.62158
3.46631
2.17773
2.78613
5.02368
4.22754
3.50659
3.29541
3.52466
2.61938
0.927002
4.94604
3.24829
4.63281
4.40869
3.68945
2.63354
3.72607
3.69897
4.65674
4.16479
3.55298
4.04907
3.9126
2.54102
2.91479
4.48218
3.08691
4.35498
3.83838
3.25635
3.49634
3.46777
3.61108
1.26099
4.95825
2.91357
2.60718
1.01172
3.18262
3.12036
2.23242
3.91602
2.84277
3.92847
3.57666
3.89282
3.5481
3.63184
4.43555
3.06421
3.39624
3.27734
4.02905
2.54785
2.82324
3.46655
4.34912
3.27026
2.11011
3.54224
4.85278
2.74512
3.99756
4.55664
1.96265
3.34546
3.94653
4.11304
2.69067
1.66797
3.36816
4.42603
4.14526
3.99878
4.42407
3.59253
4.27368
2.396
1.5498
4.9624
4.20923
2.53516
4.67285
2.9353
4.43774
3.49365
3.48486
2.36816
3.42969
2.62769
3.43945
3.19067
4.98022
3.31787
3.69971
3.44531
3.0957
4.08081
3.45654
3.42822
2.62231
4.03711
3.75708
3.43091
3.3689
4.04419
3.85498
3.28931
2.51294
3.8479
3.05859
4.05737
2.41553
3.66406
4.06079
4.27588
3.63599
4.41187
3.48413
4.85815
3.46484
3.98193
1.75317
3.85278
2.85205
3.17529
4.55298
3.04004
2.76587
4.17041
3.05835
4.15234
4.32544
3.61401
3.09106
4.29102
3.35864
3.82617
3.61768
1.98511
4.04395
3.15576
4.72705
3.71606
2.7876
3.64624
4.21851
4.1731
0.927246
4.15283
4.24097
2.479
2.92432
3.479
3.69385
2.66406
4.1709
4.78711
5.11572
2.96582
3.58008
4.68433
2.03467
4.59375
1.9624
0.664795
4.96899
3.91162
0.680176
4.72217
2.43677
3.98511
3.18262
1.10547
5.05298
3.85278
2.06836
2.07104
4.42432
0.47583
2.5918
2.15918
3.32935
0.380859
3.83813
0.702881
2.49829
1.13232
2.76294
2.69751
3.37939
3.24243
2.98975
4.72485
4.16455
5.02515
3.12891
1.57617
1.44067
1.36255
1.19971
3.93848
1.13452
3.31689
3.80054
1.64307
0.755859
0.441162
3.9021
3.74854
4.35132
2.90308
3.39917
3.79175
2.8999
2.95117
2.94434
3.44727
3.42188
2.76855
2.05225
2.53101
3.66162
4.84766
3.74927
1.3125
1.07349
2.08105
3.80347
3.80005
4.18799
3.08301
3.41968
3.62549
4.33228
3.6001
-0.107666
3.15503
0.117676
2.74609
2.59204
3.4751
1.43018
4.11279
3.09985
2.80322
4.7915
2.80762
4.89697
1.43066
3.38159
3.81519
3.63525
0.188477
1.99463
1.04443
2.53052
4.43994
2.64209
0.618408
3.56299
3.30811
0.284912
4.41553
0.62793
2.02979
0.437744
4.59888
0.0871582
5.14331
0.708252
4.26978
2.53003
4.59741
4.08936
0.730713
3.56274
1.92578
4.66895
4.29858
2.23315
3.35669
1.56372
2.68628
0.721436
2.45044
3.80029
1.41431
3.62964
4.28882
2.94922
1.90747
3.17871
3.52295
1.02222
4.69946
4.09766
2.54688
4.15137
0.142578
3.94336
4.19092
1.28076
4.05737
2.21216
2.78125
4.01611
2.6958
3.30542
1.13208
3.13013
2.61597
4.84766
2.16968
0.119385
0.0947266
2.97852
5.13599
1.35107
4.36182
4.06494
0.483154
4.55298
3.21631
1.24585
1.87012
0.0378418
2.64893
3.91528
0.276123
1.44067
1.85303
4.92871
3.38574
1.79248
3.57349
1.30615
1.50439
4.55566
3.64307
2.06982
0.557617
0.0681152
2.16943
2.5835
0.310059
2.39844
0.375244
1.04028
0.749756
1.36035
0.445801
2.93408
2.98584
5.02344
2.76318
2.03882
1.95898
3.76416
1.80908
0.361572
-0.113525
0.0722656
0.216064
1.16748
0.458252
3.17065
-0.0119629
0.462891
3.34448
3.8689
4.19824
1.02417
0.849609
1.65039
0.860596
2.53052
2.29565
0.98584
1.04126
5.21704
1.65063
1.37378
4.13501
4.9646
3.38867
0.14209
0.116211
4.90356
4.47949
3.55664
4.18921
4.35132
4.66528
3.49927
2.43896
3.32617
1.42236
4.49683
2.97754
3.56519
3.57178
4.12427
2.69434
3.51147
1.24609
3.09839
1.47217
2.36743
0.664795
0.772461
